00000000000000000000000000000000
00000000000000000000000000000000
00000000000000000000000000000000
00000000000000000000000000000000
00000000000000000000000000000000
00000000000000000000000000000000
00000000000000000000000000000000
00000000000000000000000000000000
00000000000000000000000000000000
00000000000110100000000000000000
00000000010110101101000000000000
00000000010110101101000000000000
00000000000110101101000000000000
00000000001101101101000000000000
00000000101101101101000000000000
00000000101100101101010000000000
00000000011100101101000000000000
00000000011010101110011000000000
00000001011011101101111100000000
00000000111000011111100000000000
00000000110111111110010000000000
00000010111111101101000000000000
00000000111000011101000000000000
00000000000111101101000000000000
00000000010000101101000000000000
00000000000000101101000000000000
00000000000000101101000000000000
00000000000000101100000000000000
00000000000000001100000000000000
00000000000000001000000000000000
00000000000000000000000000000000
00000000000000000000000000000000
